20 0.23514229910714285 0.17496163122122343 0.004603794642857151 0.013593510195132635
20 0.24874441964285715 0.16202587151940362 0.008649553571428603 0.007016005262003938
20 0.16922433035714285 0.4445297083972813 0.008649553571428575 0.007235255426441545
20 0.35888671875 0.7375575531681648 0.004603794642857095 0.013593510195132663
20 0.5505022321428572 0.36242052181539136 0.004464285714285698 0.013593510195132663
20 0.6160714285714286 0.17496163122122343 0.004464285714285698 0.013593510195132635
20 0.2885044642857143 0.1411971058978294 0.008649553571428548 0.007016005262003938
20 0.3588169642857143 0.8625301468976101 0.004464285714285698 0.013593510195132663
20 0.4590541294642857 0.36242052181539136 0.004603794642857151 0.013593510195132663
1 0.14760044642857142 0.6124753343565008 0.013671875 0.013374260030695084
27 0.16929408482142858 0.5806840605130454 0.0179966517857143 0.02828327121245333
10 0.14397321428571427 0.5504275378206533 0.013671875 0.013374260030694973
8 0.11481584821428571 0.42413944310458235 0.012555803571428575 0.016443762332821743
7 0.08977399553571429 0.5295987721990791 0.00851004464285715 0.019513264634948513
27 0.7260044642857143 0.5185266388949792 0.018415178571428603 0.02894102170576629
12 0.7022181919642857 0.48750274062705545 0.013532366071428603 0.013374260030695029
9 0.7276785714285714 0.5754220565665424 0.01171875 0.021267265950449477
3 0.7108677455357143 0.6124753343565008 0.015764508928571397 0.013374260030695084
30 0.6251395089285714 0.612365709274282 0.018415178571428603 0.02894102170576629
7 0.7261439732142858 0.8312869984652489 0.008370535714285698 0.021705766279324634
20 0.6664341517857142 0.8625301468976101 0.004464285714285698 0.013593510195132663
18 0.5835658482142857 0.8723964042973033 0.006696428571428603 0.032887524665643486
21 0.24874441964285715 0.19743477307607982 0.013671875 0.009866257399693046
25 0.1890345982142857 0.23744792808594606 0.018415178571428575 0.02894102170576629
1 0.16908482142857145 0.3252576189432142 0.008649553571428575 0.019074764306073244
19 0.08970424107142858 0.708945406709055 0.010881696428571425 0.017759263319447438
23 0.08970424107142858 0.6657531243148432 0.008649553571428575 0.010743258057443583
24 0.10784040178571427 0.6123657092742819 0.011160714285714288 0.01754001315500986
11 0.08977399553571429 0.5927428195571147 0.00851004464285715 0.019074764306073244
22 0.18980189732142858 0.8000438500328875 0.0199497767857143 0.013593510195132663
21 0.24881417410714285 0.7765840824380619 0.014927455357142877 0.012278009208506968
0 0.24867466517857142 0.6989695242271432 0.00851004464285715 0.017978513483885128
21 0.23563058035714285 0.42501644376233283 0.00809151785714285 0.02214426660819996
17 0.18247767857142855 0.35266388949791716 0.006696428571428575 0.03354527515895639
31 0.6067243303571428 0.3297522473141855 0.017299107142857095 0.028064021048015808
27 0.62744140625 0.2999342249506687 0.018275669642857206 0.028502521376891077
7 0.6065848214285714 0.38478403858802895 0.008370535714285698 0.022363516772637593
22 0.6067243303571428 0.45812321859241395 0.008091517857142905 0.0313527735145801
20 0.1294642857142857 0.643718482788862 0.008649553571428575 0.007016005262003966
24 0.15380859375 0.6749616312212234 0.01436941964285715 0.02258276693707517
11 0.24853515625 0.6434992326244244 0.008510044642857123 0.024556018417013825
19 0.36844308035714285 0.5197325147993861 0.009765625 0.01688226266169701
6 0.3671875 0.46535847401885555 0.010602678571428603 0.018197763648322762
8 0.3455636160714286 0.42326244244683187 0.01339285714285715 0.01600526200394653
20 0.2686941964285714 0.42490681868011404 0.004464285714285754 0.013593510195132608
31 0.34688895089285715 0.6124753343565008 0.017717633928571397 0.027844770883578174
24 0.3049665178571429 0.6124753343565008 0.01199776785714285 0.019074764306073244
16 0.6504603794642857 0.27691295768471824 0.0166015625 0.01008550756413068
19 0.6468331473214286 0.3252576189432142 0.010463169642857095 0.01688226266169701
5 0.6466238839285714 0.3925674194255646 0.008649553571428603 0.017759263319447494
29 0.5272042410714286 0.5160052620039466 0.015345982142857095 0.024336768252576246
1 0.5272042410714286 0.460425345319009 0.008370535714285698 0.016663012497259377
20 0.5868443080357143 0.5498794124095594 0.004603794642857206 0.013593510195132663
1 0.5828683035714286 0.7376671782503836 0.010602678571428603 0.013374260030695084
0 0.6863839285714286 0.2726375794781846 0.008370535714285698 0.016443762332821743
7 0.28878348214285715 0.5837535628151721 0.008928571428571397 0.024336768252576135
3 0.31396484375 0.5497697873273405 0.014090401785714302 0.013374260030694973
17 0.3424246651785714 0.5405612804209603 0.006556919642857151 0.0339837754878316
6 0.23618861607142855 0.7389826792370094 0.012834821428571425 0.016443762332821743
11 0.2677176339285714 0.17507125630344222 0.012834821428571452 0.01381276035957027
21 0.28857421875 0.19853102389826793 0.011300223214285698 0.012935759701819788
28 0.2885044642857143 0.33304099978074986 0.018415178571428548 0.02894102170576629
25 0.22739955357142858 0.36242052181539136 0.01925223214285715 0.030256522692391985
20 0.4874441964285714 0.518636263977198 0.008649553571428548 0.007235255426441656
6 0.42578125 0.551743038807279 0.012555803571428603 0.01732076299057217
19 0.5047433035714286 0.6124753343565008 0.010881696428571452 0.016005262003946474
3 0.5491071428571428 0.6125849594387196 0.012276785714285698 0.013155009866257394
28 0.4874441964285714 0.7654023240517431 0.018415178571428548 0.02894102170576629
17 0.4642159598214286 0.7472045604034203 0.006556919642857151 0.033326024994518755
14 0.3759068080357143 0.7373383030037273 0.0087890625 0.013593510195132663
5 0.5672433035714286 0.7054374040780531 0.008649553571428603 0.021705766279324634
22 0.5461077008928572 0.7374479280859461 0.0199497767857143 0.012058759044069278
30 0.40792410714285715 0.7683622012716509 0.0181361607142857 0.02872177154132871
24 0.40785435267857145 0.7153036614777462 0.0107421875 0.01688226266169701
16 0.4041573660714286 0.6411971058978294 0.017020089285714246 0.010743258057443583
20 0.40792410714285715 0.5812321859241394 0.008649553571428603 0.007016005262003966
17 0.3443777901785714 0.8098004823503617 0.006277901785714246 0.033106774830081176
19 0.24881417410714285 0.39870642402981804 0.009626116071428575 0.017759263319447494
26 0.6067940848214286 0.828875246656435 0.018833705357142905 0.029598772199079137
31 0.208984375 0.7040122780092085 0.0181361607142857 0.02850252137689102
7 0.2089146205357143 0.7763648322736243 0.008510044642857123 0.024556018417013825
11 0.2721121651785714 0.2998245998684499 0.01102120535714285 0.013374260030695029
29 0.42745535714285715 0.7999342249506687 0.015625 0.024775268581451404
6 0.38985770089285715 0.86439377329533 0.011858258928571397 0.01732076299057228
6 0.5441545758928572 0.4268800701600526 0.011300223214285698 0.017101512826134646
5 0.5269949776785714 0.639114229335672 0.0087890625 0.019294014470510823
15 0.4242466517857143 0.862639771979829 0.00809151785714285 0.013812760359570353
28 0.5462472098214286 0.7999342249506687 0.017717633928571397 0.027406270554702905
12 0.4618443080357143 0.8623108967331725 0.015206473214285698 0.013155009866257394
4 0.30775669642857145 0.6749616312212234 0.01171875 0.013374260030694973
