20 0.2705775669642857 0.2999342249506687 0.004603794642857151 0.013593510195132608
20 0.10630580357142858 0.11247533435650076 0.004464285714285712 0.01359351019513265
20 0.6862444196428572 0.9035299276474458 0.008649553571428492 0.007016005262003966
20 0.69677734375 0.36242052181539136 0.004603794642857206 0.013593510195132663
20 0.6067243303571428 0.3393992545494409 0.008649553571428492 0.007016005262003966
20 0.5744977678571428 0.36242052181539136 0.004464285714285698 0.013593510195132663
20 0.24874441964285715 0.4408024556018417 0.008649553571428603 0.0072352554264416
20 0.63330078125 0.9250164437623328 0.004603794642857206 0.013593510195132552
20 0.24874441964285715 0.9067090550317913 0.008649553571428603 0.007235255426441545
20 0.10323660714285715 0.8625301468976101 0.004464285714285712 0.013593510195132663
20 0.7260044642857143 0.72692392019294 0.008649553571428603 0.007235255426441545
11 0.4476841517857143 0.3312869984652489 0.008928571428571452 0.01841701381276034
22 0.4258510044642857 0.11247533435650076 0.0199497767857143 0.011401008550756417
15 0.3921595982142857 0.11203683402762551 0.00809151785714285 0.01359351019513265
25 0.4873744419642857 0.39223854417890813 0.0191127232142857 0.029818022363516772
24 0.4873744419642857 0.26386757290067964 0.01297433035714285 0.020390265292698995
15 0.4871651785714286 0.5076737557553168 0.008649553571428548 0.012935759701819816
29 0.4672154017857143 0.5499890374917782 0.015625 0.024775268581451404
3 0.4078543526785714 0.6421837316377987 0.00851004464285715 0.01754001315500986
14 0.208984375 0.28458671344003506 0.009207589285714302 0.014032010524007876
3 0.208984375 0.2000657750493313 0.008370535714285698 0.01688226266169701
25 0.23067801339285715 0.11236570927428195 0.017717633928571425 0.027844770883578146
16 0.17299107142857142 0.3360008770006577 0.0170200892857143 0.009866257399693046
23 0.16922433035714285 0.3732734049550537 0.00809151785714285 0.010743258057443528
14 0.2378627232142857 0.42490681868011404 0.008649553571428575 0.014032010524007876
0 0.3059430803571429 0.42446831835123877 0.01143973214285715 0.013593510195132663
25 0.34842354910714285 0.42490681868011404 0.0179966517857143 0.028064021048015808
18 0.39013671875 0.4152598114448586 0.006556919642857095 0.033326024994518755
24 0.22216796875 0.2999342249506687 0.011858258928571452 0.01841701381276034
27 0.6863141741071428 0.8306292479719359 0.017717633928571508 0.027844770883578174
27 0.6863141741071428 0.7679237009427757 0.017717633928571508 0.027844770883578174
6 0.6646205357142857 0.7388730541547905 0.010881696428571397 0.01710151282613459
22 0.5851702008928572 0.6749616312212234 0.0199497767857143 0.01732076299057228
9 0.5106724330357142 0.6775926331944748 0.014090401785714302 0.019074764306073244
15 0.5358537946428572 0.7374479280859461 0.009207589285714302 0.013812760359570353
10 0.4286411830357143 0.7367901775926332 0.012137276785714302 0.013374260030694973
31 0.4476143973214286 0.5802455601841701 0.017717633928571452 0.027844770883578174
31 0.4476841517857143 0.45604034203025656 0.018694196428571452 0.029379522034641503
1 0.44775390625 0.7143170357377768 0.008510044642857095 0.023679017759263288
11 0.4476841517857143 0.7714317035737777 0.008370535714285698 0.024775268581451404
21 0.42403738839285715 0.6124753343565008 0.006277901785714302 0.020828765621574208
13 0.3902762276785714 0.557005042753782 0.015764508928571452 0.0287217715413286
20 0.3482142857142857 0.5498794124095594 0.004464285714285698 0.013593510195132663
4 0.1294642857142857 0.8344661258495945 0.008370535714285726 0.02017101512826136
30 0.22914341517857145 0.7999342249506687 0.017717633928571425 0.027844770883578174
12 0.27197265625 0.7999342249506687 0.014927455357142905 0.013374260030695084
14 0.31982421875 0.8001534751151064 0.008510044642857095 0.01425126068844551
16 0.29757254464285715 0.7313089234816926 0.006417410714285698 0.02609076956807721
3 0.72607421875 0.44573558430168825 0.008510044642857206 0.01929401447051088
4 0.72607421875 0.510524007893006 0.008510044642857206 0.019074764306073244
20 0.7061941964285714 0.612365709274282 0.004464285714285698 0.013593510195132663
27 0.6648297991071428 0.42490681868011404 0.019391741071428492 0.03025652269239204
5 0.5104631696428572 0.42457794343345756 0.011997767857142905 0.013374260030695029
18 0.3346121651785714 0.3487173865380399 0.021065848214285754 0.010743258057443583
21 0.2640904017857143 0.36242052181539136 0.007254464285714302 0.023679017759263288
29 0.3284040178571429 0.2661696996272747 0.01590401785714285 0.024994518745889094
17 0.32205636160714285 0.22286779215084412 0.0210658482142857 0.010304757728568287
31 0.32833426339285715 0.3962946722210042 0.0166015625 0.027844770883578174
8 0.2891322544642857 0.5918658188993642 0.009905133928571452 0.02565226923920194
9 0.31103515625 0.6098443323832493 0.0160435267857143 0.018636263977197975
3 0.6064453125 0.40067967550975664 0.008649553571428603 0.018197763648322707
26 0.6067243303571428 0.5821091865818899 0.018694196428571508 0.02937952203464156
0 0.3680245535714286 0.7609076956807718 0.008928571428571452 0.021705766279324745
17 0.29471261160714285 0.15720236790177594 0.021344866071428603 0.010085507564130652
13 0.2635323660714286 0.24435430826573118 0.014508928571428548 0.028283271212453415
12 0.11725725446428571 0.23733830300372727 0.011579241071428575 0.013374260030695001
0 0.24867466517857142 0.33435650076737555 0.00851004464285715 0.022802017101512806
5 0.28857421875 0.3942117956588468 0.008510044642857095 0.020609515457136574
18 0.4308035714285714 0.8528831396623547 0.006417410714285754 0.03376452532339402
14 0.1294642857142857 0.18811664108748083 0.008649553571428575 0.012716509537382154
1 0.12939453125 0.3383030037272528 0.00851004464285715 0.02017101512826136
30 0.12946428571428573 0.3954176715632537 0.017578125000000014 0.027844770883578174
26 0.14955357142857145 0.42490681868011404 0.018415178571428575 0.028941021705766234
29 0.6465541294642857 0.4541767156325367 0.015485491071428603 0.02433676825257619
29 0.4874441964285714 0.6445954834466125 0.015066964285714246 0.024117518088138556
12 0.6861746651785714 0.5897829423372067 0.008510044642857095 0.017978513483885128
28 0.6863141741071428 0.5165533874150405 0.017438616071428492 0.028064021048015753
1 0.6866629464285714 0.458671344003508 0.008928571428571397 0.018417013812760397
30 0.15101841517857145 0.1748520061390046 0.017717633928571425 0.027406270554702933
30 0.16922433035714285 0.14306073229554922 0.017578125 0.027844770883578174
23 0.46226283482142855 0.924906818680114 0.0068359375 0.010743258057443583
12 0.5461774553571429 0.9250164437623328 0.01171875 0.013155009866257394
4 0.5821707589285714 0.9251260688445516 0.015066964285714302 0.013374260030694973
11 0.24867466517857142 0.7714317035737777 0.00851004464285715 0.021705766279324745
27 0.32833426339285715 0.6422933567200175 0.0185546875 0.02916027187020398
10 0.47314453125 0.6124753343565008 0.013253348214285698 0.013812760359570242
18 0.17536272321428573 0.7711028283271213 0.021484375 0.010085507564130736
20 0.16922433035714285 0.8312869984652489 0.008649553571428575 0.007235255426441545
1 0.1693638392857143 0.5259811444858584 0.008649553571428575 0.020609515457136518
9 0.6482282366071428 0.3375356281517211 0.011858258928571508 0.02565226923920194
18 0.6162806919642858 0.24687568515676386 0.006277901785714302 0.03376452532339397
9 0.5443638392857143 0.23996930497697874 0.013950892857142794 0.018636263977197975
