20 0.4476841517857143 0.8884016663012497 0.008649553571428548 0.007016005262003855
20 0.23172433035714285 0.2999342249506687 0.004464285714285726 0.013593510195132608
20 0.09674944196428571 0.9250164437623328 0.004603794642857151 0.013593510195132552
20 0.6641322544642857 0.8625301468976101 0.004603794642857206 0.013593510195132663
20 0.6545758928571428 0.23744792808594606 0.004464285714285698 0.013593510195132635
20 0.4476841517857143 0.21365928524446393 0.008649553571428548 0.0072352554264415725
20 0.6067243303571428 0.13045384784038588 0.008649553571428492 0.007016005262003966
20 0.08970424107142858 0.3857706643279982 0.008649553571428575 0.0072352554264416
20 0.7260044642857143 0.24720456040342031 0.008649553571428603 0.0072352554264415725
20 0.7125418526785714 0.8000438500328875 0.004603794642857095 0.013593510195132663
30 0.6465541294642858 0.45329971497478627 0.0179966517857143 0.028283271212453387
19 0.6636439732142857 0.42534531900898925 0.010881696428571397 0.015347511510633627
16 0.6247907366071428 0.43104582328436747 0.006556919642857095 0.02631001973251479
31 0.5066266741071428 0.6124753343565008 0.018275669642857095 0.02872177154132871
5 0.4079938616071429 0.45001096250822187 0.00851004464285715 0.02345976759482571
11 0.4600306919642857 0.42501644376233283 0.0146484375 0.01425126068844551
9 0.40966796875 0.5162245121683842 0.011858258928571397 0.022144266608200014
23 0.4169224330357143 0.6749616312212234 0.01046316964285715 0.016443762332821743
11 0.40792410714285715 0.3913615435211576 0.008649553571428603 0.021048015786011842
5 0.40792410714285715 0.3349046261784696 0.008370535714285698 0.019513264634948457
20 0.40792410714285715 0.26869107651830737 0.008649553571428603 0.0072352554264416
9 0.4317103794642857 0.2349265511949134 0.017438616071428548 0.019074764306073244
4 0.4627511160714286 0.23733830300372727 0.011160714285714246 0.01381276035957027
9 0.43533761160714285 0.8651611488708617 0.017717633928571397 0.019294014470510823
25 0.3868582589285714 0.8624205218153913 0.018973214285714246 0.02959877219907925
22 0.46847098214285715 0.7999342249506687 0.0200892857142857 0.012935759701819816
8 0.4880022321428571 0.779324709493532 0.01004464285714285 0.022144266608200014
8 0.46114676339285715 0.8616531462398597 0.012137276785714302 0.015347511510633627
16 0.6028878348214286 0.7664985748739311 0.016880580357142905 0.010085507564130625
10 0.5423409598214286 0.7367901775926332 0.011579241071428603 0.013374260030694973
15 0.2885044642857143 0.20806840605130456 0.008649553571428548 0.014032010524007904
2 0.28857421875 0.2682525761894321 0.008510044642857095 0.020390265292698995
31 0.26708984375 0.2998245998684499 0.017717633928571397 0.027844770883578174
28 0.2279575892857143 0.11247533435650077 0.018136160714285726 0.02850252137689105
8 0.193359375 0.11105020828765622 0.0161830357142857 0.016005262003946502
16 0.29248046875 0.3141854856391142 0.0166015625 0.010524007893005949
14 0.3496791294642857 0.4251260688445516 0.008231026785714302 0.014032010524007876
20 0.2289341517857143 0.23744792808594606 0.004464285714285726 0.013593510195132635
29 0.18868582589285715 0.23744792808594606 0.015485491071428575 0.022802017101512834
21 0.14474051339285715 0.23744792808594606 0.007672991071428575 0.023679017759263316
26 0.3892996651785714 0.23733830300372727 0.017717633928571452 0.027844770883578174
6 0.32735770089285715 0.893444420083315 0.010184151785714302 0.01973251479938609
21 0.32833426339285715 0.8453190089892567 0.011300223214285698 0.010743258057443583
30 0.28857421875 0.8924577943433458 0.0179966517857143 0.02828327121245333
27 0.16929408482142858 0.8953080464810348 0.0179966517857143 0.02828327121245333
5 0.1484375 0.9251260688445516 0.013113839285714302 0.013374260030694973
22 0.16922433035714285 0.39366367024775273 0.01143973214285715 0.03135277351458016
9 0.18289620535714285 0.42216619162464375 0.017020089285714274 0.01907476430607319
22 0.2295619419642857 0.42490681868011404 0.019949776785714274 0.012278009208506913
30 0.5461774553571428 0.6749616312212234 0.017857142857142905 0.027406270554702905
21 0.5669642857142857 0.6456917342688007 0.015904017857142794 0.013593510195132663
4 0.5670340401785714 0.5778338083753563 0.0087890625 0.02039026529269894
13 0.48291015625 0.4626178469633852 0.0179966517857143 0.024117518088138556
11 0.4873744419642857 0.3910326682745012 0.0087890625 0.022582766937075227
14 0.4877232142857143 0.3205437404078053 0.008649553571428548 0.013155009866257394
10 0.5274135044642857 0.2770225827669371 0.0087890625 0.021267265950449477
26 0.5486188616071428 0.2999342249506687 0.017717633928571508 0.02762552071914054
19 0.5464564732142857 0.23733830300372727 0.011439732142857206 0.014689761017320752
22 0.1294642857142857 0.3953080464810349 0.011439732142857137 0.031572023679017736
11 0.14404296875 0.4872834904626179 0.01241629464285715 0.013812760359570297
14 0.12939453125 0.6319885989914492 0.0087890625 0.012935759701819816
9 0.13120814732142855 0.7157421618066213 0.011858258928571425 0.02258276693707517
9 0.13141741071428573 0.7749397062047797 0.01171875 0.025213768910326673
25 0.3680943080357143 0.769458452093839 0.019391741071428548 0.030475772856829564
24 0.3680943080357143 0.6312212234159176 0.013253348214285698 0.02060951545713663
17 0.49365234375 0.6596141197105898 0.021065848214285754 0.009866257399693046
2 0.6065848214285714 0.27669370752028066 0.008649553571428603 0.020171015128261305
25 0.4264090401785714 0.2999342249506687 0.017717633928571452 0.02718702039026527
1 0.39376395089285715 0.3000438500328875 0.011579241071428603 0.013374260030694973
13 0.34744698660714285 0.3072791054593291 0.0166015625 0.027844770883578118
0 0.60693359375 0.19929839947379963 0.0087890625 0.01841701381276037
29 0.3680943080357143 0.8939925454944091 0.01492745535714285 0.024336768252576135
21 0.3823939732142857 0.8000438500328875 0.006417410714285698 0.019294014470510823
25 0.40792410714285715 0.7667178250383688 0.0181361607142857 0.02850252137689102
13 0.4234095982142857 0.7302126726595044 0.013671875 0.027844770883578174
28 0.46756417410714285 0.7374479280859461 0.017717633928571397 0.027406270554702905
15 0.6067940848214286 0.7201271650953738 0.0087890625 0.013812760359570242
0 0.6067243303571428 0.6427318570488928 0.008370535714285698 0.02302126726595044
24 0.5904017857142857 0.6124753343565008 0.012555803571428603 0.019513264634948402
12 0.5884486607142857 0.7999342249506687 0.012834821428571397 0.013812760359570242
21 0.5065569196428572 0.8000438500328875 0.007254464285714302 0.024994518745888983
22 0.4476841517857143 0.7049989037491777 0.010881696428571452 0.0313527735145801
8 0.19008091517857142 0.9239201929401447 0.01241629464285715 0.015347511510633627
6 0.1498325892857143 0.8603376452532339 0.010602678571428575 0.016663012497259433
10 0.2090541294642857 0.774720456040342 0.008510044642857123 0.019513264634948513
6 0.20807756696428573 0.6436088577066432 0.0107421875 0.022144266608200014
3 0.20884486607142855 0.5217057662793247 0.008649553571428575 0.021705766279324745
9 0.09137834821428571 0.2104801578601184 0.01199776785714285 0.020609515457136574
26 0.11049107142857142 0.23744792808594606 0.018136160714285712 0.02850252137689102
6 0.10525948660714285 0.7982898487173866 0.015485491071428562 0.01710151282613459
19 0.08949497767857142 0.6455821091865819 0.010463169642857137 0.016443762332821743
30 0.08970424107142858 0.5792589344442008 0.017857142857142863 0.028064021048015864
25 0.08970424107142858 0.8319447489585616 0.017857142857142863 0.027844770883578174
25 0.4476143973214286 0.6407586055689543 0.017717633928571452 0.027844770883578174
12 0.4476841517857143 0.7682525761894321 0.008370535714285698 0.024994518745888983
25 0.4476841517857143 0.5161148870861654 0.018415178571428548 0.02894102170576629
27 0.4476841517857143 0.4540670905503179 0.018415178571428548 0.02894102170576629
15 0.2649972098214286 0.7375575531681648 0.008231026785714246 0.013593510195132663
24 0.3126395089285714 0.7374479280859461 0.012555803571428548 0.019513264634948513
27 0.4873744419642857 0.517978513483885 0.017717633928571452 0.027844770883578174
9 0.7015206473214286 0.3650515237886428 0.015485491071428603 0.01885551414163561
29 0.5272042410714286 0.6430607322955493 0.0161830357142857 0.025433019074764363
16 0.3536551339285714 0.7438061828546372 0.006417410714285754 0.02609076956807721
30 0.28857421875 0.5835343126507345 0.0179966517857143 0.028283271212453442
24 0.28857421875 0.6337426003069502 0.011579241071428603 0.018197763648322707
19 0.28857421875 0.7659504494628371 0.009905133928571397 0.016443762332821743
0 0.15708705357142858 0.7999342249506687 0.013671875 0.013374260030695084
4 0.7261439732142857 0.4518745889059417 0.008649553571428603 0.021048015786011842
10 0.6300920758928571 0.6124753343565008 0.0107421875 0.013374260030695084
17 0.7322823660714286 0.6872396404297303 0.021205357142857095 0.010304757728568315
5 0.3058035714285714 0.8623108967331725 0.01339285714285715 0.013155009866257394
