20 0.1542271205357143 0.8000438500328875 0.004603794642857123 0.013593510195132663
20 0.2701590401785714 0.7375575531681648 0.004603794642857151 0.013593510195132663
20 0.30029296875 0.8625301468976101 0.004603794642857095 0.013593510195132663
20 0.11432756696428571 0.11247533435650076 0.004603794642857151 0.01359351019513265
20 0.646484375 0.7044507783380838 0.008649553571428603 0.007016005262003966
4 0.12967354910714285 0.2763648322736242 0.00851004464285715 0.019513264634948457
18 0.1356724330357143 0.4101074325805744 0.021344866071428575 0.009866257399693046
8 0.1303013392857143 0.5175400131550099 0.010044642857142877 0.024336768252576135
25 0.10853794642857142 0.5498794124095594 0.019810267857142863 0.031133523350142522
14 0.1690150669642857 0.8176934882701162 0.008510044642857123 0.013374260030694973
14 0.16915457589285715 0.5719140539355405 0.0087890625 0.012935759701819705
29 0.14773995535714285 0.5498794124095593 0.01590401785714285 0.024994518745889094
7 0.1083984375 0.9256741942556457 0.01171875 0.014032010524007932
31 0.15053013392857142 0.9250164437623328 0.0181361607142857 0.02850252137689102
5 0.08956473214285715 0.8276693707520281 0.008370535714285712 0.017978513483885017
17 0.08349609375 0.6992983994737996 0.021344866071428575 0.010743258057443583
26 0.08970424107142858 0.579149309361982 0.017857142857142863 0.027844770883578174
2 0.08956473214285715 0.5210480157860118 0.008928571428571438 0.024775268581451404
5 0.10965401785714285 0.48717386538039903 0.012276785714285712 0.013593510195132663
0 0.24874441964285715 0.44946283709712787 0.008370535714285726 0.01841701381276034
27 0.24881417410714285 0.39136154352115765 0.017996651785714274 0.028064021048015753
11 0.5398297991071428 0.2375575531681649 0.011300223214285698 0.01381276035957027
6 0.5677315848214286 0.38949791712343784 0.010463169642857095 0.022144266608199903
16 0.6822684151785714 0.588467441350581 0.0166015625 0.010085507564130625
30 0.6646902901785714 0.6124753343565008 0.018275669642857095 0.02872177154132871
2 0.5867047991071428 0.6752905064678798 0.013811383928571508 0.01403201052400782
0 0.48758370535714285 0.25970181977636486 0.008649553571428603 0.023898267923700922
31 0.5092075892857143 0.11247533435650076 0.018415178571428603 0.028941021705766276
26 0.3868582589285714 0.11247533435650077 0.01785714285714285 0.0271870203902653
3 0.3510044642857143 0.11258495943871957 0.014229910714285698 0.01381276035957027
5 0.31033761160714285 0.11236570927428195 0.011579241071428603 0.01425126068844551
20 0.208984375 0.26869107651830737 0.008649553571428548 0.0072352554264416
10 0.2089146205357143 0.5143608857706643 0.008510044642857123 0.02324051743038802
31 0.4668666294642857 0.17496163122122343 0.01827566964285715 0.02850252137689105
28 0.6247209821428572 0.2999342249506687 0.017857142857142905 0.028064021048015808
3 0.5841238839285714 0.30015347511510637 0.013671875 0.013593510195132608
31 0.5069056919642857 0.2998245998684499 0.017717633928571397 0.027844770883578174
24 0.23081752232142855 0.36242052181539136 0.011858258928571425 0.018417013812760397
22 0.16922433035714285 0.2659504494628371 0.00809151785714285 0.031572023679017736
1 0.3486328125 0.3627493970620478 0.014787946428571397 0.013812760359570242
12 0.48758370535714285 0.6483227362420522 0.008649553571428603 0.0236790177592634
24 0.5016741071428572 0.5498794124095593 0.011997767857142905 0.018855514141635554
28 0.4874441964285714 0.5184170138127604 0.01729910714285715 0.027844770883578174
14 0.4874441964285714 0.4549440912080684 0.008649553571428548 0.013155009866257394
2 0.22530691964285715 0.7374479280859461 0.01004464285714285 0.013374260030694973
31 0.2294921875 0.612365709274282 0.018415178571428548 0.02894102170576629
1 0.26806640625 0.6124753343565008 0.011858258928571397 0.013374260030695084
17 0.3079659598214286 0.6026090769568078 0.006556919642857151 0.033106774830081176
20 0.6067243303571428 0.33117737338303005 0.008649553571428492 0.007235255426441545
0 0.5885184151785714 0.2375575531681649 0.014369419642857095 0.01381276035957027
24 0.6067243303571428 0.39245779434334577 0.012555803571428492 0.01973251479938609
22 0.2285853794642857 0.23744792808594606 0.019949776785714274 0.012278009208506913
15 0.2235630580357143 0.11247533435650076 0.008510044642857123 0.01359351019513265
10 0.2486049107142857 0.8297522473141855 0.008649553571428575 0.019513264634948513
2 0.15206473214285715 0.8624205218153913 0.014229910714285726 0.013374260030695084
11 0.10344587053571429 0.8623108967331725 0.01102120535714285 0.013593510195132663
20 0.24874441964285715 0.643718482788862 0.008649553571428603 0.007016005262003966
1 0.24881417410714285 0.5877000657750493 0.0087890625 0.022144266608200014
28 0.22858537946428573 0.5499890374917782 0.0185546875 0.02916027187020387
4 0.56689453125 0.45077833808375356 0.0087890625 0.019294014470510823
5 0.5669642857142858 0.5840824380618286 0.008370535714285698 0.016663012497259433
14 0.6188616071428572 0.6748520061390046 0.008091517857142905 0.013593510195132663
19 0.5867745535714286 0.36242052181539136 0.011439732142857095 0.01447051085288309
31 0.6067940848214286 0.20357377768033325 0.0191127232142857 0.03003727252795438
28 0.646484375 0.5833150624862968 0.01702008928571419 0.027844770883578174
1 0.646484375 0.6395527296645472 0.008928571428571397 0.0236790177592634
15 0.6064453125 0.5901118175838632 0.008649553571428603 0.013374260030694973
16 0.55078125 0.6185047138785355 0.0064174107142858094 0.02631001973251479
23 0.5272042410714286 0.5736680552510415 0.007254464285714302 0.009866257399693046
10 0.3033621651785714 0.2998245998684499 0.012137276785714246 0.013812760359570242
19 0.3279854910714286 0.20050427537820653 0.00948660714285715 0.01688226266169701
11 0.4077845982142857 0.6957903968427976 0.008370535714285698 0.023898267923700978
21 0.4078543526785714 0.7752685814514362 0.01632254464285715 0.013593510195132663
29 0.32833426339285715 0.7049989037491777 0.015485491071428603 0.024336768252576246
31 0.4286411830357143 0.6749616312212234 0.017717633928571452 0.027406270554702905
28 0.3283342633928571 0.8956369217276913 0.01827566964285715 0.02850252137689102
26 0.30838448660714285 0.9250164437623328 0.017717633928571397 0.027187020390265326
28 0.26681082589285715 0.9250164437623327 0.017717633928571397 0.026748520061390058
20 0.2289341517857143 0.9250164437623328 0.004464285714285726 0.013593510195132552
17 0.7322823660714286 0.19655777241832934 0.021205357142857095 0.010304757728568287
16 0.7301897321428572 0.3453190089892567 0.0161830357142857 0.01008550756413068
5 0.70654296875 0.4251260688445516 0.012416294642857206 0.013593510195132663
9 0.24720982142857142 0.26485419864064896 0.01199776785714285 0.026748520061390058
21 0.16929408482142858 0.19677702258276694 0.014090401785714302 0.010743258057443528
30 0.6258370535714286 0.36242052181539136 0.0181361607142857 0.02850252137689102
30 0.6067940848214286 0.5174303880727911 0.0179966517857143 0.028064021048015864
16 0.4437779017857143 0.3275597456698093 0.016741071428571452 0.01008550756413068
17 0.4413364955357143 0.2655119491339618 0.0210658482142857 0.01008550756413068
0 0.44775390625 0.21365928524446393 0.008510044642857095 0.016882262661696984
26 0.4476841517857143 0.3966235474676606 0.018415178571428548 0.02894102170576629
14 0.46651785714285715 0.48706424029818024 0.008370535714285698 0.01425126068844551
10 0.40792410714285715 0.5287217715413286 0.008370535714285698 0.021705766279324634
26 0.4296177455357143 0.42501644376233283 0.017717633928571452 0.027844770883578174
30 0.14990234375 0.2999342249506687 0.017717633928571452 0.02718702039026527
2 0.1293247767857143 0.7135496601622451 0.008649553571428575 0.02302126726595044
