20 0.6067243303571428 0.13012497259372946 0.008649553571428492 0.0072352554264415725
20 0.5414341517857142 0.17496163122122343 0.004464285714285698 0.013593510195132635
20 0.3681640625 0.43729445297083974 0.008649553571428603 0.007235255426441545
20 0.7260044642857143 0.8316158737119053 0.008649553571428603 0.007016005262003966
20 0.1294642857142857 0.7041219030914274 0.008649553571428575 0.007235255426441545
20 0.10686383928571427 0.8000438500328875 0.004464285714285712 0.013593510195132663
20 0.5669642857142857 0.16202587151940362 0.008649553571428603 0.007016005262003938
20 0.40792410714285715 0.1334137250602938 0.008649553571428603 0.0072352554264415725
15 0.4476841517857143 0.45231308923481695 0.009207589285714302 0.013155009866257394
31 0.4266880580357143 0.42490681868011404 0.017717633928571452 0.02762552071914054
14 0.3837193080357143 0.4252356939267704 0.008231026785714302 0.013812760359570297
24 0.5017438616071429 0.48739311554483666 0.01102120535714285 0.01710151282613459
3 0.5461077008928572 0.4876123657092743 0.012137276785714302 0.013593510195132663
6 0.44845145089285715 0.6482131111598334 0.0107421875 0.022144266608199903
0 0.6861049107142857 0.8224073668055252 0.008649553571428603 0.02324051743038813
7 0.6863839285714286 0.9000219250164438 0.008649553571428603 0.023679017759263288
10 0.6718052455357143 0.6749616312212234 0.012974330357142794 0.013374260030694973
6 0.6309988839285714 0.6767156325367244 0.011439732142857095 0.0168822626616969
20 0.6067243303571428 0.5812321859241394 0.008649553571428492 0.007016005262003966
29 0.6067243303571429 0.5185266388949792 0.015625 0.024556018417013825
8 0.5920061383928572 0.42348169261126944 0.013253348214285698 0.015566761675071261
12 0.24867466517857142 0.32076299057224295 0.00851004464285715 0.021925016443762324
24 0.22328404017857142 0.2999342249506687 0.01297433035714285 0.020171015128261305
12 0.20870535714285715 0.2640868230651173 0.008928571428571425 0.019513264634948457
28 0.22726004464285715 0.6749616312212234 0.018415178571428575 0.0287217715413286
13 0.28397042410714285 0.6344003508002631 0.017717633928571397 0.02302126726595044
16 0.2737862723214286 0.5560184170138127 0.006556919642857151 0.02631001973251479
25 0.18798828125 0.7999342249506687 0.017717633928571452 0.027406270554702905
24 0.59130859375 0.1748520061390046 0.0107421875 0.016882262661696984
12 0.6070731026785714 0.2709932032449024 0.0087890625 0.01841701381276034
26 0.58544921875 0.3624205218153914 0.018833705357142794 0.029818022363516772
18 0.36202566964285715 0.39256741942556456 0.021484375 0.009866257399693046
20 0.38797433035714285 0.36242052181539136 0.004464285714285698 0.013593510195132663
25 0.42822265625 0.36242052181539136 0.018275669642857095 0.02850252137689102
27 0.3466796875 0.36242052181539136 0.018415178571428603 0.02894102170576629
13 0.2841099330357143 0.26518307388730544 0.0179966517857143 0.026090769568077155
3 0.16915457589285715 0.5873711905283929 0.0087890625 0.016224512168384164
4 0.16922433035714285 0.6468976101732076 0.008370535714285726 0.021705766279324634
27 0.1893833705357143 0.6749616312212234 0.017717633928571425 0.027406270554702905
22 0.16922433035714285 0.39114229335672 0.010881696428571425 0.03157202367901779
28 0.19008091517857145 0.3622012716509537 0.017717633928571425 0.02718702039026527
11 0.16929408482142858 0.7692392019294014 0.00851004464285715 0.02302126726595044
12 0.16922433035714285 0.8833589125191843 0.008649553571428575 0.023679017759263288
22 0.19091796875 0.9250164437623327 0.0199497767857143 0.017978513483885128
31 0.4654715401785714 0.36242052181539136 0.017717633928571452 0.028064021048015753
26 0.4673549107142857 0.42490681868011404 0.018694196428571452 0.029379522034641503
10 0.5269949776785714 0.45275158956369216 0.008510044642857095 0.01973251479938609
16 0.5311104910714286 0.5852883139662355 0.016741071428571397 0.009866257399693046
17 0.5488978794642857 0.6029379522034641 0.006556919642857206 0.03376452532339402
7 0.6299525669642858 0.6124753343565008 0.012137276785714302 0.013812760359570242
24 0.2090541294642857 0.8959657969743478 0.014090401785714274 0.022144266608199903
31 0.208984375 0.580355185266389 0.0181361607142857 0.02850252137689102
4 0.2090541294642857 0.40265292698969524 0.008510044642857123 0.019513264634948513
24 0.7083565848214286 0.6749616312212234 0.012416294642857095 0.019513264634948513
23 0.72607421875 0.6467879850909888 0.0073939732142858094 0.015786011839508896
19 0.7261439732142857 0.5777241832931375 0.010044642857142794 0.0171015128261347
22 0.72607421875 0.5171015128261347 0.0073939732142858094 0.0313527735145801
24 0.6863141741071429 0.26891032668274506 0.0126953125 0.019951764963823726
22 0.6249302455357142 0.36242052181539136 0.0199497767857143 0.015786011839508896
10 0.6862444196428572 0.45099758824819114 0.008370535714285698 0.01885551414163561
13 0.6630859375 0.4944091208068406 0.017857142857142794 0.028064021048015753
26 0.6263950892857143 0.48739311554483666 0.019252232142857206 0.03025652269239204
20 0.5868443080357143 0.48739311554483666 0.004603794642857206 0.013593510195132663
13 0.6510184151785714 0.6319885989914493 0.017717633928571397 0.022144266608200014
28 0.6465541294642857 0.5175400131550099 0.0166015625 0.027844770883578174
2 0.6464146205357143 0.4584520938390704 0.008510044642857206 0.021486516114887055
7 0.6464146205357143 0.7005042753782065 0.008510044642857206 0.021925016443762435
7 0.6464146205357143 0.7581670686253015 0.008510044642857206 0.022363516772637593
11 0.6466238839285714 0.8388511291383469 0.008649553571428603 0.01710151282613459
17 0.1470424107142857 0.9151501863626397 0.006417410714285726 0.033326024994518755
3 0.2607421875 0.7376671782503836 0.015066964285714302 0.013812760359570242
2 0.08949497767857142 0.588467441350581 0.008510044642857137 0.02060951545713663
22 0.08970424107142858 0.4541767156325367 0.008649553571428575 0.03135277351458016
10 0.1294642857142857 0.4021048015786012 0.008370535714285726 0.01754001315500986
22 0.1493443080357143 0.36242052181539136 0.019949776785714274 0.01447051085288309
5 0.6065150669642857 0.8925674194255646 0.008510044642857206 0.024994518745888983
19 0.6070731026785714 0.8329313746985311 0.009626116071428603 0.01754001315500986
18 0.7198660714285714 0.1954615215961412 0.021205357142857095 0.009866257399693046
12 0.7099609375 0.362639771979829 0.010881696428571397 0.014032010524007876
8 0.5673828125 0.5149090111817584 0.009765625 0.01995176496382367
14 0.5668247767857143 0.7156325367244025 0.008649553571428603 0.013155009866257394
9 0.5902622767857143 0.7350361762771322 0.015625 0.019074764306073244
20 0.1294642857142857 0.643718482788862 0.008649553571428575 0.007016005262003966
22 0.1294642857142857 0.5174303880727911 0.009486607142857137 0.03157202367901779
28 0.1294642857142857 0.4556018417013813 0.018415178571428575 0.02894102170576629
17 0.09577287946428571 0.3938829204121903 0.021623883928571425 0.009866257399693046
20 0.10958426339285715 0.2999342249506687 0.004603794642857137 0.013593510195132608
4 0.14229910714285715 0.2999342249506687 0.014229910714285726 0.014032010524007876
19 0.5067661830357143 0.7374479280859461 0.011021205357142794 0.015566761675071206
4 0.4873744419642857 0.8274501205875905 0.00851004464285715 0.01754001315500986
5 0.5068359375 0.9252356939267704 0.01227678571428581 0.013155009866257394
6 0.5409458705357142 0.9232624424468319 0.014090401785714302 0.01754001315500986
21 0.5844029017857143 0.924906818680114 0.008649553571428603 0.018636263977197975
2 0.4615652901785714 0.5503179127384346 0.015206473214285754 0.014032010524007932
10 0.4077845982142857 0.5096470072352555 0.008370535714285698 0.021267265950449477
31 0.11049107142857142 0.11236570927428195 0.017857142857142863 0.028283271212453415
24 0.08970424107142858 0.14689761017320763 0.011160714285714288 0.01754001315500986
1 0.08956473214285715 0.21080903310677485 0.008649553571428562 0.019513264634948485
14 0.1436244419642857 0.23733830300372727 0.007952008928571425 0.01381276035957027
6 0.22384207589285715 0.2356939267704451 0.011858258928571425 0.01710151282613462
24 0.3519810267857143 0.23733830300372724 0.012834821428571452 0.019951764963823726
5 0.3681640625 0.14941898706424028 0.008649553571428603 0.0225827669370752
25 0.3680943080357143 0.33205437404078053 0.0179966517857143 0.028283271212453442
22 0.3101981026785714 0.6749616312212234 0.019949776785714246 0.016443762332821743
27 0.3880440848214286 0.6749616312212234 0.017717633928571452 0.027844770883578174
10 0.43031529017857145 0.674632755974567 0.0107421875 0.014032010524007932
29 0.2674386160714286 0.2999342249506687 0.01534598214285715 0.024117518088138612
31 0.28857421875 0.20423152817364615 0.0185546875 0.029160271870203897
17 0.23402622767857142 0.12223196667397501 0.006277901785714302 0.033106774830081134
8 0.22984095982142858 0.1738653803990353 0.01297433035714285 0.016663012497259377
25 0.1875697544642857 0.1748520061390046 0.017717633928571425 0.027844770883578146
12 0.14864676339285715 0.1749616312212234 0.0126953125 0.013155009866257394
8 0.11356026785714285 0.1739750054812541 0.012834821428571438 0.015128261346195992
8 0.4227120535714286 0.2985090988818242 0.014787946428571452 0.015566761675071261
11 0.38427734375 0.30015347511510637 0.011300223214285698 0.013593510195132608
14 0.3423549107142857 0.2998245998684499 0.00809151785714285 0.013812760359570242
3 0.5901227678571428 0.23744792808594606 0.011997767857142905 0.013155009866257394
21 0.6247209821428571 0.23744792808594606 0.0078125 0.0271870203902653
16 0.6632952008928572 0.23163779872834905 0.006556919642857095 0.026967770225827664
29 0.4078543526785714 0.20752028064021047 0.015485491071428548 0.02433676825257619
22 0.4079241071428571 0.3333698750274062 0.01004464285714285 0.03135277351458016
16 0.17313058035714285 0.13023459767594825 0.016741071428571425 0.010524007893005921
15 0.16866629464285715 0.19436527077395307 0.008649553571428575 0.013374260030695029
8 0.3055943080357143 0.11137908353431265 0.015764508928571452 0.016663012497259377
