20 0.2885044642857143 0.18954176715632537 0.008649553571428548 0.0072352554264415725
20 0.2703683035714286 0.8000438500328875 0.004464285714285754 0.013593510195132663
20 0.2774135044642857 0.7375575531681648 0.004603794642857151 0.013593510195132663
20 0.08970424107142858 0.6661916246437185 0.008649553571428575 0.007235255426441545
20 0.08970424107142858 0.2863407147555361 0.008649553571428575 0.007016005262003966
20 0.5669642857142857 0.9010085507564131 0.008649553571428603 0.007235255426441656
20 0.69482421875 0.9250164437623328 0.004603794642857206 0.013593510195132552
20 0.5023018973214286 0.9250164437623328 0.004603794642857095 0.013593510195132552
8 0.36865234375 0.8844551633413725 0.009905133928571397 0.024117518088138556
12 0.3680245535714286 0.7622231966673976 0.008370535714285754 0.021705766279324634
22 0.3680943080357143 0.7060951545713658 0.009626116071428548 0.0313527735145801
18 0.3618861607142857 0.6362639771979829 0.02120535714285715 0.010085507564130625
3 0.3677455357142857 0.5904406928305196 0.008370535714285698 0.01973251479938609
10 0.42724609375 0.550098662573997 0.014927455357142905 0.013593510195132663
26 0.12946428571428573 0.3333698750274063 0.017578125000000014 0.027844770883578174
1 0.12960379464285715 0.38697654023240513 0.008928571428571425 0.021048015786011842
16 0.14515904017857142 0.23130892348169263 0.006277901785714302 0.026310019732514817
27 0.23011997767857145 0.23733830300372727 0.017717633928571425 0.027844770883578174
25 0.2691824776785714 0.23733830300372724 0.017996651785714246 0.028283271212453387
19 0.3124302455357143 0.23744792808594606 0.01102120535714285 0.015347511510633627
24 0.6327427455357143 0.7374479280859461 0.011579241071428603 0.018197763648322818
9 0.6698521205357143 0.7347073010304758 0.012974330357142794 0.018855514141635554
11 0.6682477678571428 0.4876123657092743 0.015066964285714302 0.013593510195132663
22 0.16922433035714285 0.5790396842797632 0.010881696428571425 0.03157202367901768
13 0.16462053571428573 0.5199517649638237 0.017578125 0.02302126726595055
18 0.11376953125 0.4347730760798071 0.006277901785714274 0.0333260249945187
25 0.16929408482142855 0.6440473580355186 0.017717633928571425 0.027844770883578174
18 0.2222377232142857 0.7901775926331944 0.006417410714285726 0.033326024994518755
14 0.3286830357142857 0.2067529050646788 0.008649553571428548 0.013155009866257394
12 0.2885044642857143 0.32010524007893004 0.008649553571428548 0.021925016443762324
29 0.3886021205357143 0.1748520061390046 0.015485491071428548 0.02389826792370095
6 0.40687779017857145 0.6418548563911424 0.0107421875 0.02039026529269894
22 0.34695870535714285 0.48739311554483666 0.0200892857142857 0.01710151282613459
7 0.3828822544642857 0.8000438500328875 0.01436941964285715 0.01403201052400782
12 0.3477957589285714 0.8000438500328875 0.010602678571428548 0.013155009866257505
27 0.1294642857142857 0.7660600745450559 0.019252232142857137 0.030256522692391985
9 0.15450613839285715 0.6724402543301907 0.01492745535714285 0.018855514141635554
8 0.22230747767857142 0.48618723964042976 0.01492745535714285 0.0164437623328218
0 0.5475725446428571 0.7374479280859461 0.01171875 0.013374260030694973
12 0.5269949776785714 0.2721990791493094 0.008510044642857095 0.02433676825257619
26 0.5272042410714286 0.3938829204121903 0.0181361607142857 0.028721771541328656
7 0.5132533482142858 0.36242052181539136 0.0161830357142857 0.013155009866257394
28 0.4671456473214286 0.36242052181539136 0.017717633928571452 0.02631001973251479
31 0.5871930803571428 0.48750274062705545 0.017857142857142905 0.028283271212453387
1 0.1499720982142857 0.612365709274282 0.013113839285714274 0.013593510195132663
28 0.19091796875 0.48750274062705545 0.017717633928571452 0.02784477088357823
31 0.14976283482142855 0.48739311554483666 0.017717633928571425 0.027187020390265326
30 0.15018136160714285 0.36242052181539136 0.017996651785714274 0.028064021048015753
0 0.22495814732142858 0.36209164656873494 0.014090401785714302 0.013812760359570242
3 0.3497488839285714 0.23755755316816488 0.015066964285714246 0.013374260030695029
15 0.40792410714285715 0.25367244025433017 0.008649553571428603 0.013155009866257367
26 0.40792410714285715 0.3336987502740627 0.018415178571428603 0.02894102170576629
20 0.1493443080357143 0.8000438500328875 0.004603794642857123 0.013593510195132663
16 0.24483816964285715 0.7178250383687788 0.016741071428571425 0.010524007893005893
28 0.5669642857142857 0.8303003727252796 0.018415178571428603 0.02894102170576629
30 0.4261300223214286 0.8624205218153913 0.017717633928571452 0.027844770883578174
8 0.5675920758928572 0.6508441131330849 0.010184151785714302 0.024336768252576246
24 0.5480608258928572 0.5499890374917781 0.010463169642857095 0.016443762332821743
24 0.5101143973214286 0.5499890374917782 0.012974330357142905 0.02039026529269894
12 0.4874441964285714 0.6554483665862749 0.008928571428571452 0.024336768252576135
18 0.7321428571428571 0.905064678798509 0.021484375 0.010085507564130736
14 0.6464146205357143 0.521596141197106 0.0087890625 0.013155009866257505
2 0.6337890625 0.4252356939267704 0.01116071428571419 0.013374260030695029
10 0.6642717633928572 0.42501644376233283 0.014927455357142905 0.01425126068844551
26 0.6465541294642857 0.3287656215742162 0.017717633928571397 0.027844770883578174
14 0.6466238839285714 0.19688664766498576 0.009207589285714302 0.014032010524007904
26 0.5859375 0.1748520061390046 0.017857142857142794 0.028283271212453415
29 0.24881417410714285 0.3315062486296865 0.015764508928571397 0.024556018417013825
5 0.24888392857142855 0.39486954615215963 0.008649553571428575 0.01578601183950884
15 0.2486049107142857 0.44814733611050206 0.008649553571428575 0.012278009208506913
8 0.7112862723214286 0.7988379741284806 0.012137276785714302 0.015128261346196048
14 0.6219308035714286 0.8000438500328875 0.008649553571428603 0.013593510195132663
5 0.7066824776785714 0.612365709274282 0.014090401785714302 0.013593510195132663
6 0.5818917410714286 0.6142293356720017 0.011160714285714302 0.01688226266169701
24 0.5272042410714286 0.5201710151282612 0.010602678571428603 0.01688226266169701
20 0.38797433035714285 0.2999342249506687 0.004464285714285698 0.013593510195132608
9 0.2505580357142857 0.832383249287437 0.011718749999999972 0.0260907695680771
25 0.3101283482142857 0.9250164437623328 0.0181361607142857 0.02850252137689102
23 0.6863141741071428 0.5243367682525761 0.006277901785714302 0.016443762332821854
8 0.6739676339285714 0.6736461302345977 0.015066964285714302 0.016005262003946474
0 0.6320452008928572 0.6749616312212234 0.015206473214285698 0.013374260030694973
20 0.6862444196428572 0.3936636702477527 0.008649553571428492 0.007235255426441545
19 0.40799386160714285 0.8933347950010962 0.009347098214285698 0.017759263319447438
20 0.38797433035714285 0.9250164437623328 0.004464285714285698 0.013593510195132552
25 0.4290597098214286 0.9249068186801139 0.019112723214285754 0.030037272527954406
23 0.4716099330357143 0.9250164437623328 0.00906808035714285 0.010085507564130625
4 0.4208286830357143 0.7375575531681648 0.011300223214285698 0.013593510195132663
19 0.2884347098214286 0.5214865161148872 0.009905133928571452 0.01688226266169701
18 0.3998325892857143 0.3722867792150844 0.006696428571428548 0.033326024994518755
29 0.3467494419642857 0.36242052181539136 0.015764508928571452 0.024556018417013825
15 0.4693080357142857 0.6752905064678798 0.008649553571428548 0.013593510195132663
10 0.3953683035714286 0.675180881385661 0.012555803571428548 0.013374260030694973
21 0.4476841517857143 0.8297522473141855 0.01143973214285715 0.012058759044069278
