20 0.4676339285714286 0.2999342249506687 0.004464285714285754 0.013593510195132608
20 0.4476841517857143 0.7658408243806183 0.008649553571428548 0.007016005262003855
25 0.5456891741071428 0.2999342249506687 0.0191127232142857 0.029818022363516772
9 0.5080915178571428 0.30267485200613903 0.015904017857142905 0.018636263977197975
20 0.6862444196428572 0.20620477965358475 0.008649553571428492 0.0072352554264415725
10 0.5443638392857143 0.7375575531681648 0.012834821428571397 0.013593510195132663
5 0.5670340401785714 0.7016005262003946 0.009068080357142905 0.021048015786011898
13 0.5626395089285714 0.5908791931593949 0.017578125 0.02631001973251479
31 0.546875 0.5499890374917781 0.01897321428571419 0.029598772199079137
24 0.46212332589285715 0.5499890374917782 0.013811383928571397 0.021705766279324634
11 0.39285714285714285 0.5498794124095593 0.015625 0.013155009866257394
6 0.32945033482142855 0.8305196228897171 0.0107421875 0.024117518088138556
22 0.32833426339285715 0.7042315281736461 0.007393973214285698 0.03157202367901779
8 0.4252232142857143 0.6110502082876562 0.014508928571428548 0.015786011839508785
30 0.4688197544642857 0.6124753343565008 0.0185546875 0.02916027187020387
1 0.30440848214285715 0.800263100197325 0.014508928571428603 0.013593510195132663
24 0.181640625 0.7999342249506687 0.01199776785714285 0.019074764306073244
23 0.5574079241071428 0.8000438500328875 0.009068080357142905 0.01140100855075643
15 0.6374162946428572 0.7375575531681648 0.008649553571428492 0.013593510195132663
14 0.5362025669642857 0.8625301468976101 0.0087890625 0.013593510195132663
11 0.5071149553571429 0.8625301468976102 0.013671875 0.013155009866257394
5 0.3915318080357143 0.7998245998684499 0.011300223214285698 0.013593510195132663
17 0.34549386160714285 0.8095812321859241 0.006277901785714302 0.033545275158956445
28 0.2700892857142857 0.36242052181539136 0.0181361607142857 0.02850252137689102
9 0.2901785714285714 0.3926770445077834 0.01199776785714285 0.023240517430388075
17 0.1968470982142857 0.4347730760798071 0.006417410714285726 0.0333260249945187
1 0.10623604910714285 0.42490681868011404 0.012974330357142863 0.01315500986625745
8 0.26974051339285715 0.9240298180223635 0.015206473214285698 0.016005262003946585
5 0.16922433035714285 0.8903749177811884 0.008370535714285726 0.020609515457136518
28 0.14808872767857142 0.8624205218153913 0.0179966517857143 0.02828327121245333
6 0.08879743303571429 0.7091646568734926 0.0107421875 0.022144266608200014
20 0.08970424107142858 0.643718482788862 0.008649553571428575 0.007016005262003966
7 0.1025390625 0.5497697873273405 0.01534598214285715 0.013374260030694973
24 0.18373325892857142 0.8625301468976101 0.01339285714285715 0.021048015786011898
4 0.2089146205357143 0.8222977417233064 0.008510044642857123 0.021267265950449477
27 0.2090541294642857 0.7054374040780531 0.019112723214285726 0.030037272527954406
13 0.2045200892857143 0.4672221004165753 0.017299107142857123 0.024994518745889094
10 0.5271344866071428 0.889388292041219 0.009068080357142905 0.018636263977197975
6 0.5493861607142857 0.9232624424468319 0.011439732142857206 0.01710151282613459
24 0.24881417410714285 0.8403858802894102 0.012416294642857179 0.01973251479938609
20 0.24874441964285715 0.7686910765183075 0.008649553571428603 0.007016005262003966
1 0.3440987723214286 0.7375575531681648 0.011858258928571452 0.013593510195132663
25 0.24881417410714285 0.6411971058978294 0.01827566964285718 0.0287217715413286
11 0.2885044642857143 0.5203902652926989 0.008649553571428548 0.02302126726595044
11 0.28836495535714285 0.4520938390703793 0.008649553571428603 0.021925016443762324
8 0.5472935267857143 0.611159833369875 0.013392857142857206 0.016443762332821743
10 0.6682477678571428 0.4247971935978952 0.011439732142857095 0.013812760359570242
13 0.7014508928571428 0.41800043850032886 0.015345982142857095 0.028283271212453387
29 0.6067940848214286 0.6465687349265512 0.015485491071428603 0.024117518088138556
26 0.6067243303571428 0.7091646568734926 0.017299107142857095 0.027844770883578174
25 0.6067243303571429 0.8937732953299715 0.017578125 0.027844770883578174
21 0.6192801339285714 0.2999342249506687 0.008649553571428603 0.02718702039026527
5 0.6665736607142858 0.11236570927428195 0.012276785714285698 0.01381276035957027
10 0.5841238839285714 0.11258495943871957 0.012555803571428603 0.013374260030695015
5 0.50732421875 0.11247533435650077 0.01325334821428581 0.013155009866257394
9 0.5290178571428572 0.21037053277789958 0.011997767857142905 0.02302126726595044
1 0.4744698660714286 0.17507125630344222 0.014229910714285754 0.01381276035957027
7 0.39188058035714285 0.17507125630344222 0.016462053571428603 0.013374260030695029
20 0.3482142857142857 0.17496163122122343 0.004464285714285698 0.013593510195132635
15 0.3565150669642857 0.23722867792150842 0.00851004464285715 0.014032010524007904
19 0.32833426339285715 0.32931374698531024 0.009347098214285698 0.01754001315500986
21 0.32833426339285715 0.37875465906599426 0.011300223214285698 0.010743258057443528
27 0.32833426339285715 0.4566980925235694 0.0179966517857143 0.028064021048015808
4 0.3283342633928571 0.5164437623328217 0.00851004464285715 0.02039026529269905
23 0.24881417410714285 0.5349704012278009 0.009068080357142877 0.0171015128261347
27 0.2275390625 0.5498794124095593 0.0181361607142857 0.02850252137689102
19 0.1923130580357143 0.549440912080684 0.010463169642857123 0.015347511510633627
19 0.15108816964285715 0.550098662573997 0.01199776785714285 0.015347511510633627
9 0.3031529017857143 0.36516114887086165 0.014508928571428548 0.018636263977197975
13 0.7068917410714286 0.3693269019951765 0.013392857142857095 0.027844770883578174
4 0.6630161830357143 0.48750274062705545 0.011579241071428603 0.013812760359570297
15 0.5896344866071429 0.48739311554483666 0.0087890625 0.013593510195132663
14 0.3527483258928571 0.42424906818680114 0.00851004464285715 0.013593510195132663
6 0.72509765625 0.40616092962069716 0.010463169642857206 0.02433676825257619
9 0.7056361607142857 0.49013374260030695 0.013950892857142794 0.018636263977197975
10 0.7260044642857143 0.5233501425126069 0.008649553571428603 0.01754001315500986
13 0.7307477678571428 0.7035737776803332 0.0170200892857143 0.02543301907476425
31 0.4874441964285714 0.7062047796535847 0.01785714285714285 0.028064021048015864
0 0.4874441964285714 0.6475553606665205 0.008370535714285754 0.024336768252576246
21 0.4874441964285714 0.5905503179127385 0.01590401785714285 0.012935759701819705
7 0.4874441964285714 0.511620258715194 0.009207589285714246 0.023898267923700922
7 0.42745535714285715 0.6748520061390046 0.015066964285714302 0.013593510195132663
0 0.66748046875 0.9251260688445517 0.010463169642857206 0.013812760359570242
25 0.6863141741071428 0.7060951545713658 0.0191127232142857 0.030037272527954406
16 0.6822684151785714 0.6359351019513264 0.0166015625 0.010304757728568315
23 0.6238839285714286 0.7999342249506687 0.010044642857142905 0.016443762332821743
1 0.4474051339285714 0.5891251918438939 0.008928571428571452 0.021486516114887166
18 0.4412667410714286 0.5220346415259811 0.020926339285714246 0.010085507564130625
11 0.45975167410714285 0.48739311554483666 0.011579241071428603 0.013155009866257394
4 0.6863141741071428 0.33227362420521817 0.008510044642857095 0.02302126726595044
9 0.5288783482142857 0.3321639991229993 0.011997767857142794 0.026748520061390058
26 0.4267578125 0.36242052181539136 0.0181361607142857 0.02850252137689102
28 0.40792410714285715 0.14284148213111159 0.0170200892857143 0.027844770883578146
30 0.4690987723214286 0.11236570927428197 0.017717633928571452 0.02740627055470292
19 0.2887137276785714 0.3299714974786231 0.009347098214285754 0.017978513483885072
0 0.23228236607142855 0.3000438500328875 0.010881696428571425 0.013374260030694973
2 0.28829520089285715 0.279982459986845 0.0087890625 0.023679017759263343
27 0.3680943080357143 0.6465687349265512 0.017717633928571452 0.028064021048015864
20 0.3681640625 0.7062047796535847 0.008649553571428603 0.007016005262003855
20 0.08970424107142858 0.3936636702477527 0.008649553571428575 0.007235255426441545
25 0.11063058035714285 0.48750274062705545 0.020089285714285712 0.03135277351458016
2 0.6066545758928572 0.27263757947818457 0.008510044642857095 0.017759263319447494
21 0.6067940848214286 0.20127165095373822 0.011858258928571397 0.011401008550756403
13 0.13406808035714285 0.9019951764963823 0.017578125 0.023679017759263288
7 0.14780970982142855 0.9250164437623328 0.013532366071428575 0.013593510195132552
16 0.14467075892857142 0.7937952203464153 0.006417410714285698 0.02609076956807721
10 0.12960379464285715 0.7705547029160271 0.008928571428571425 0.024336768252576246
19 0.1464146205357143 0.6128042096031572 0.011021205357142877 0.016224512168384164
6 0.1683872767857143 0.5926331944748959 0.010881696428571425 0.02017101512826136
11 0.646484375 0.3338083753562815 0.00837053571428581 0.019951764963823726
26 0.6248604910714286 0.3622012716509537 0.0181361607142857 0.02850252137689102
28 0.5859375 0.36242052181539136 0.018694196428571397 0.02937952203464156
10 0.5528041294642858 0.3627493970620478 0.011300223214285698 0.013812760359570242
29 0.4874441964285714 0.26726595044946283 0.016462053571428548 0.02587151940363952
31 0.4874441964285714 0.14251260688445516 0.018415178571428548 0.02894102170576629
16 0.49148995535714285 0.32909449682087266 0.016462053571428603 0.01008550756413068
2 0.4873744419642857 0.38182416136812103 0.00906808035714285 0.018636263977197975
23 0.4874441964285714 0.4333479500109625 0.00948660714285715 0.010743258057443528
