20 0.5272042410714286 0.761346196009647 0.008649553571428603 0.007235255426441545
20 0.14041573660714285 0.36242052181539136 0.004603794642857151 0.013593510195132663
20 0.6363699776785714 0.9250164437623328 0.004603794642857095 0.013593510195132552
20 0.09821428571428573 0.5498794124095594 0.004464285714285712 0.013593510195132663
20 0.2885044642857143 0.9021048015786012 0.008649553571428548 0.007235255426441656
20 0.5579659598214286 0.9250164437623328 0.004603794642857095 0.013593510195132552
20 0.6526925223214286 0.23744792808594606 0.004603794642857095 0.013593510195132635
20 0.12527901785714285 0.9250164437623328 0.004464285714285726 0.013593510195132552
20 0.08970424107142858 0.15062486296864724 0.008649553571428575 0.007016005262003938
20 0.40792410714285715 0.4348827011620259 0.008649553571428603 0.007235255426441545
31 0.5472935267857143 0.7375575531681648 0.018415178571428603 0.02894102170576629
14 0.5054408482142857 0.6748520061390046 0.008649553571428603 0.013593510195132663
5 0.466796875 0.6749616312212234 0.014787946428571397 0.013374260030694973
6 0.5260881696428572 0.6351677263757948 0.010881696428571508 0.01754001315500986
7 0.5271344866071428 0.5894540670905504 0.008510044642857095 0.02345976759482571
30 0.5272042410714286 0.5171015128261347 0.017857142857142905 0.027844770883578174
17 0.42403738839285715 0.4348827011620259 0.006277901785714302 0.03310677483008112
7 0.3281947544642857 0.3908134181100636 0.00906808035714285 0.02302126726595044
30 0.3492606026785714 0.42501644376233283 0.017717633928571452 0.027844770883578174
20 0.2289341517857143 0.36242052181539136 0.004464285714285726 0.013593510195132663
10 0.2885044642857143 0.45362859022144264 0.008649553571428548 0.02499451874588904
4 0.32840401785714285 0.5792589344442007 0.008649553571428603 0.02017101512826136
20 0.3283342633928571 0.643718482788862 0.00851004464285715 0.007016005262003966
28 0.3681640625 0.4541767156325367 0.0170200892857143 0.027844770883578118
11 0.3680943080357143 0.40144705108528833 0.00851004464285715 0.01754001315500986
23 0.4476841517857143 0.13692172769129576 0.00948660714285715 0.012058759044069278
20 0.3482142857142857 0.11247533435650076 0.004464285714285698 0.01359351019513265
28 0.30643136160714285 0.17496163122122343 0.0185546875 0.02937952203464153
4 0.27169363839285715 0.17463275597456696 0.014090401785714302 0.01381276035957027
24 0.22391183035714285 0.1749616312212234 0.01199776785714285 0.01885551414163561
11 0.4474748883928571 0.21497478623108968 0.00851004464285715 0.018197763648322735
10 0.4476841517857143 0.27713220784915593 0.008649553571428548 0.021048015786011842
9 0.4681919642857143 0.2971935978951984 0.01534598214285715 0.01863626397719803
15 0.57666015625 0.9251260688445517 0.0087890625 0.013812760359570242
15 0.5669642857142857 0.8827011620258716 0.008928571428571397 0.01403201052400782
25 0.6286272321428572 0.8625301468976101 0.018415178571428492 0.02894102170576629
5 0.46895926339285715 0.8624205218153913 0.013532366071428603 0.013374260030695084
5 0.3866489955357143 0.8627493970620479 0.012137276785714302 0.013593510195132663
20 0.3482142857142857 0.8625301468976101 0.004464285714285698 0.013593510195132663
13 0.6259765625 0.30716948037711034 0.01506696428571419 0.02762552071914054
3 0.5825892857142857 0.2998245998684499 0.015904017857142794 0.013374260030695029
3 0.56689453125 0.33040999780749836 0.008510044642857206 0.021925016443762324
14 0.5069754464285714 0.3622012716509537 0.008370535714285698 0.013593510195132663
15 0.5501534598214286 0.29949572462179347 0.008510044642857095 0.014032010524007932
30 0.6067243303571428 0.7046700285025214 0.0181361607142857 0.02850252137689102
11 0.6067243303571428 0.580903310677483 0.008370535714285698 0.024336768252576135
5 0.6066545758928571 0.4518745889059417 0.0087890625 0.01885551414163561
29 0.22935267857142858 0.8624205218153913 0.01534598214285715 0.024336768252576246
19 0.20926339285714285 0.581561061170796 0.009765625 0.01688226266169701
24 0.2090541294642857 0.5295987721990791 0.010463169642857123 0.016443762332821743
24 0.2090541294642857 0.4517649638237229 0.013811383928571425 0.02170576627932469
2 0.2315150669642857 0.42490681868011404 0.010463169642857123 0.01315500986625745
7 0.24874441964285715 0.2739530804648104 0.008370535714285726 0.019513264634948457
20 0.208984375 0.33117737338303005 0.008649553571428548 0.007235255426441545
18 0.27657645089285715 0.29006796755097564 0.0068359375 0.0333260249945187
5 0.31222098214285715 0.29993422495066874 0.010881696428571397 0.013155009866257394
23 0.3515625 0.2999342249506687 0.010881696428571397 0.014909011181758414
14 0.6310686383928572 0.7374479280859461 0.008510044642857095 0.013812760359570353
3 0.6863141741071428 0.6460206095154571 0.008510044642857095 0.02302126726595044
16 0.6751534598214286 0.4936417452313089 0.006277901785714302 0.026090769568077155
27 0.6067243303571428 0.39201929401447055 0.018694196428571508 0.029379522034641503
13 0.16476004464285715 0.3349046261784696 0.017578125 0.026967770225827692
27 0.16922433035714285 0.20543740407805305 0.018415178571428575 0.02894102170576629
6 0.11544363839285714 0.1767156325367244 0.0146484375 0.01710151282613462
16 0.29248046875 0.5069063801797851 0.0166015625 0.010524007893005893
27 0.26834542410714285 0.5498794124095593 0.017717633928571397 0.027187020390265326
13 0.22984095982142858 0.557005042753782 0.01632254464285715 0.027406270554702905
10 0.1846400669642857 0.5498794124095594 0.011858258928571425 0.013593510195132663
1 0.14683314732142858 0.5498794124095594 0.015206473214285698 0.013593510195132663
26 0.28857421875 0.7058759044069283 0.0185546875 0.02916027187020387
8 0.26346261160714285 0.6738653803990353 0.013532366071428603 0.015566761675071206
24 0.3125697544642857 0.7374479280859461 0.0107421875 0.0168822626616969
25 0.4677734375 0.7374479280859461 0.017857142857142905 0.026967770225827747
16 0.5630580357142857 0.8422495066871301 0.016741071428571397 0.010304757728568315
29 0.5669642857142858 0.7680333260249945 0.0161830357142857 0.02543301907476425
12 0.7117047991071428 0.23755755316816488 0.015485491071428492 0.013374260030695029
4 0.6861746651785714 0.7682525761894321 0.008510044642857095 0.020609515457136518
11 0.6672712053571428 0.8625301468976102 0.014229910714285698 0.013155009866257394
31 0.646484375 0.7047796535847402 0.017299107142857206 0.027844770883578174
7 0.5481305803571428 0.6756193817145363 0.015904017857142905 0.013374260030694973
20 0.16922433035714285 0.7686910765183075 0.008649553571428575 0.007016005262003966
21 0.16922433035714285 0.8214207410655558 0.01729910714285715 0.012058759044069278
25 0.16922433035714285 0.8965139223854418 0.018136160714285726 0.02850252137689102
13 0.1649693080357143 0.576299057224293 0.017438616071428575 0.024775268581451404
4 0.1695033482142857 0.4537382153036615 0.008370535714285726 0.020828765621574208
10 0.16908482142857145 0.38598991449243586 0.008649553571428575 0.021267265950449477
7 0.1294642857142857 0.8418110063582548 0.008370535714285726 0.01995176496382367
4 0.18436104910714285 0.7370094277570708 0.011858258928571425 0.01425126068844551
26 0.08970424107142858 0.20620477965358475 0.017857142857142863 0.027844770883578174
20 0.1493443080357143 0.23744792808594606 0.004603794642857123 0.013593510195132635
28 0.11007254464285715 0.42490681868011404 0.018136160714285712 0.028502521376891077
18 0.31375558035714285 0.10260907695680771 0.006417410714285698 0.03332602499451874
12 0.4077845982142857 0.3355623766717825 0.008649553571428548 0.019074764306073244
1 0.6464146205357143 0.39443104582328437 0.008510044642857206 0.01885551414163561
17 0.6404854910714286 0.34630563472922604 0.021484375 0.010304757728568315
5 0.12939453125 0.5863845647884236 0.0087890625 0.02302126726595044
14 0.3680245535714286 0.5164437623328217 0.008928571428571452 0.013374260030694973
17 0.33447265625 0.34279763209822406 0.021344866071428603 0.009866257399693046
2 0.12953404017857142 0.6427318570488928 0.00851004464285715 0.018197763648322818
13 0.6817801339285714 0.40111817583863185 0.017578125 0.022582766937075227
28 0.6649693080357143 0.36242052181539136 0.017717633928571397 0.028064021048015753
11 0.6861746651785714 0.4477088357816268 0.008510044642857095 0.023240517430388075
