20 0.4538922991071429 0.17496163122122343 0.004603794642857151 0.013593510195132635
20 0.09765625 0.36242052181539136 0.004464285714285726 0.013593510195132663
20 0.6750139508928572 0.9250164437623328 0.004603794642857095 0.013593510195132552
20 0.4874441964285714 0.8845647884235913 0.008649553571428548 0.007235255426441656
20 0.3597237723214286 0.23744792808594606 0.004603794642857151 0.013593510195132635
20 0.6520647321428572 0.8625301468976101 0.004464285714285698 0.013593510195132663
20 0.16922433035714285 0.6357158517868888 0.008649553571428575 0.007235255426441656
20 0.1294642857142857 0.8441131330848498 0.008649553571428575 0.007016005262003855
3 0.208984375 0.14634948476211357 0.008370535714285698 0.024775268581451432
26 0.208984375 0.20784915588686692 0.018415178571428548 0.02894102170576629
31 0.2090541294642857 0.3318351238763429 0.017717633928571425 0.027844770883578174
10 0.23095703125 0.36209164656873494 0.012137276785714302 0.01468976101732078
5 0.30810546875 0.362639771979829 0.015764508928571397 0.013155009866257394
26 0.40792410714285715 0.20313527735145803 0.018694196428571397 0.029160271870203897
13 0.4033203125 0.1353869765402324 0.017578125 0.026529269896952423
27 0.38748604910714285 0.11236570927428195 0.017717633928571397 0.027844770883578146
9 0.4095284598214286 0.32153036614777464 0.011858258928571452 0.026529269896952423
30 0.3876255580357143 0.42501644376233283 0.017717633928571452 0.027844770883578174
31 0.3480747767857143 0.42490681868011404 0.018415178571428548 0.028941021705766234
3 0.24881417410714285 0.5112913834685375 0.008510044642857179 0.021048015786011898
9 0.26785714285714285 0.4845428634071476 0.0161830357142857 0.01885551414163561
10 0.24881417410714285 0.3889497917123438 0.008510044642857179 0.01973251479938609
0 0.18470982142857142 0.3627493970620478 0.01143973214285715 0.013812760359570242
27 0.4874441964285714 0.2659504494628371 0.018136160714285754 0.02850252137689102
26 0.4874441964285714 0.20456040342030257 0.018136160714285754 0.02850252137689102
2 0.46602957589285715 0.36242052181539136 0.013253348214285698 0.013593510195132663
20 0.4278041294642857 0.36242052181539136 0.004603794642857151 0.013593510195132663
30 0.4666573660714286 0.48739311554483666 0.018415178571428548 0.028941021705766234
23 0.4290597098214286 0.48750274062705545 0.01046316964285715 0.010743258057443528
17 0.3897181919642857 0.49671124753343565 0.007114955357142849 0.034422275816706815
8 0.6072126116071428 0.703683402762552 0.009905133928571508 0.022144266608200014
30 0.5848911830357143 0.8625301468976101 0.017717633928571397 0.026748520061390058
10 0.3283342633928571 0.45932909449682086 0.00851004464285715 0.01973251479938609
0 0.328125 0.39618504713878533 0.008928571428571397 0.01841701381276034
5 0.3514927455357143 0.550098662573997 0.01297433035714285 0.013155009866257394
18 0.3021763392857143 0.6222319666739751 0.006417410714285698 0.033326024994518755
21 0.24881417410714285 0.5877000657750493 0.014927455357142877 0.010743258057443583
2 0.3683035714285714 0.5301468976101733 0.008928571428571452 0.02017101512826136
13 0.36356026785714285 0.4634948476211357 0.017578125 0.024117518088138612
19 0.6067243303571428 0.45231308923481695 0.009486607142857095 0.01754001315500986
21 0.5929827008928572 0.36242052181539136 0.006277901785714302 0.024117518088138556
2 0.5272739955357143 0.3338083753562815 0.008510044642857206 0.02170576627932469
5 0.5090680803571428 0.2998245998684499 0.012276785714285698 0.013374260030695029
4 0.14697265625 0.36176277132207846 0.013253348214285698 0.014032010524007876
4 0.19175502232142855 0.4879412409559307 0.013532366071428575 0.013374260030695029
14 0.22188895089285715 0.48761236570927424 0.008231026785714274 0.014032010524007876
16 0.5502232142857142 0.29390484542863404 0.006417410714285698 0.026529269896952423
25 0.5083705357142857 0.36242052181539136 0.018136160714285754 0.02850252137689102
8 0.7268415178571428 0.45088796316597235 0.010044642857142905 0.023898267923700922
18 0.7197963169642858 0.3465248848936637 0.0210658482142857 0.009866257399693046
12 0.7063337053571428 0.2376671782503837 0.012834821428571508 0.013593510195132663
21 0.72607421875 0.19041876781407585 0.011858258928571397 0.012935759701819788
12 0.7260044642857143 0.14700723525542644 0.008649553571428603 0.017759263319447494
27 0.72607421875 0.894650295987722 0.017438616071428603 0.027844770883578174
24 0.7134486607142858 0.9250164437623328 0.012276785714285698 0.019294014470510934
9 0.7244698660714286 0.7635386976540233 0.011997767857142905 0.021267265950449477
19 0.7263532366071428 0.7012716509537382 0.010463169642857095 0.01688226266169701
23 0.72607421875 0.5781626836220127 0.009905133928571397 0.012278009208506857
25 0.3467494419642857 0.1748520061390046 0.017717633928571452 0.027844770883578146
2 0.3282645089285714 0.20817803113352334 0.008928571428571452 0.019951764963823726
29 0.4288504464285714 0.2999342249506687 0.01590401785714285 0.02499451874588904
15 0.48758370535714285 0.8233939925454944 0.008928571428571397 0.013374260030694973
1 0.4714006696428571 0.7997149747862311 0.01534598214285715 0.013374260030694973
27 0.5869838169642857 0.6124753343565008 0.018275669642857206 0.02872177154132871
16 0.44363839285714285 0.7097127822845868 0.016462053571428603 0.010524007893005893
19 0.44803292410714285 0.638566103924578 0.0107421875 0.01688226266169701
19 0.4476841517857143 0.520390265292699 0.008928571428571452 0.018197763648322707
30 0.6067243303571428 0.33227362420521817 0.017299107142857095 0.027844770883578174
30 0.6067243303571428 0.20346415259811446 0.018415178571428492 0.02894102170576629
4 0.6318359375 0.11258495943871957 0.010602678571428603 0.013374260030695015
0 0.6637137276785714 0.11203683402762551 0.0107421875 0.01403201052400789
9 0.7079380580357142 0.17737338303003727 0.014090401785714302 0.01885551414163561
13 0.5887276785714286 0.18219688664766498 0.016741071428571397 0.02806402104801578
15 0.12939453125 0.3478403858802894 0.0087890625 0.013374260030695029
15 0.12953404017857142 0.21300153475115108 0.0087890625 0.012058759044069306
22 0.1294642857142857 0.14185485639114231 0.011439732142857137 0.03157202367901776
2 0.1293247767857143 0.3984871738653804 0.008649553571428575 0.021705766279324745
3 0.15520368303571427 0.4255645691734269 0.0126953125 0.013593510195132663
11 0.2718331473214286 0.42490681868011404 0.014090401785714246 0.01315500986625745
3 0.4873046875 0.5137031352773515 0.008649553571428603 0.01754001315500986
24 0.5804268973214286 0.48750274062705545 0.011858258928571397 0.018636263977197975
23 0.4278738839285714 0.612365709274282 0.007254464285714246 0.01710151282613459
9 0.38399832589285715 0.615215961411971 0.013253348214285698 0.018417013812760286
9 0.35379464285714285 0.6151063363297522 0.016462053571428603 0.018636263977197975
27 0.32833426339285715 0.6451436088577067 0.017438616071428603 0.027844770883578174
28 0.38916015625 0.6749616312212234 0.018833705357142905 0.029598772199079137
30 0.4693777901785714 0.6749616312212234 0.01827566964285715 0.0287217715413286
1 0.2885044642857143 0.38303003727252793 0.008649553571428548 0.02017101512826136
2 0.46728515625 0.862639771979829 0.012137276785714302 0.013374260030694973
26 0.6246512276785714 0.2998245998684499 0.017717633928571397 0.027844770883578174
22 0.5866350446428572 0.2999342249506687 0.0200892857142857 0.011401008550756375
10 0.6705496651785714 0.362639771979829 0.013811383928571397 0.013593510195132663
24 0.6862444196428572 0.3822626616969963 0.011160714285714302 0.017320762990572225
31 0.6465541294642857 0.2661696996272747 0.017438616071428603 0.028064021048015753
19 0.6460658482142857 0.1447051085288314 0.010602678571428603 0.017978513483885128
31 0.6259068080357143 0.48739311554483666 0.017717633928571397 0.02762552071914054
23 0.5669642857142857 0.33435650076737555 0.010881696428571397 0.012278009208506913
13 0.6419503348214286 0.7691295768471826 0.017438616071428603 0.0236790177592634
21 0.5797991071428572 0.7374479280859461 0.008091517857142905 0.022144266608199903
24 0.646484375 0.7114667836000876 0.01227678571428581 0.019294014470510823
0 0.6468331473214286 0.5169918877439158 0.0087890625 0.02324051743038802
12 0.16908482142857145 0.5207191405393554 0.008649553571428575 0.019294014470510934
6 0.28976004464285715 0.5729006796755098 0.011160714285714302 0.024556018417013825
9 0.3138253348214286 0.6724402543301907 0.017159598214285754 0.018855514141635554
7 0.3683035714285714 0.637360228020171 0.008649553571428548 0.019294014470510934
4 0.6666434151785714 0.23733830300372727 0.013532366071428603 0.013374260030695001
12 0.12953404017857142 0.7628809471607103 0.00851004464285715 0.01688226266169701
6 0.12841796875 0.6557772418329313 0.01046316964285715 0.024556018417013825
