20 0.6107003348214286 0.17496163122122343 0.004603794642857095 0.013593510195132635
20 0.6862444196428572 0.22867792150844113 0.008649553571428492 0.007016005262003966
20 0.2885044642857143 0.16191624643718483 0.008649553571428548 0.0072352554264415725
17 0.2823660714285714 0.6919535189651392 0.02120535714285715 0.010085507564130625
2 0.2758091517857143 0.6126945845209384 0.012555803571428548 0.013812760359570353
25 0.28857421875 0.5160052620039466 0.018275669642857095 0.02872177154132871
18 0.68017578125 0.5142512606884455 0.021344866071428603 0.009866257399693046
4 0.5876116071428572 0.42501644376233283 0.010881696428571508 0.013812760359570242
0 0.5479910714285714 0.42457794343345756 0.013671875 0.013374260030695029
16 0.6902204241071429 0.5847401885551414 0.0166015625 0.010085507564130625
0 0.6681082589285714 0.6124753343565008 0.015345982142857095 0.013374260030695084
16 0.6107003348214286 0.6404297303222977 0.0166015625 0.010524007893005893
23 0.5084402901785714 0.612365709274282 0.010463169642857095 0.01710151282613459
30 0.3861607142857143 0.17496163122122343 0.018415178571428548 0.028941021705766262
2 0.3521902901785714 0.17507125630344222 0.013253348214285754 0.013374260030695029
21 0.4078543526785714 0.2765840824380618 0.01632254464285715 0.012058759044069278
24 0.34256417410714285 0.23733830300372727 0.011858258928571397 0.018636263977198003
7 0.3099888392857143 0.2367901775926332 0.012276785714285698 0.013593510195132635
25 0.2672293526785714 0.5499890374917782 0.017717633928571452 0.027844770883578174
31 0.22691127232142855 0.5499890374917781 0.017717633928571425 0.027406270554702905
1 0.2888532366071429 0.32525761894321426 0.00851004464285715 0.02214426660819996
31 0.22774832589285715 0.2999342249506687 0.017717633928571425 0.02762552071914054
29 0.5085797991071428 0.36242052181539136 0.015485491071428492 0.024117518088138556
1 0.5669642857142858 0.3955272966454725 0.008370535714285698 0.021925016443762324
31 0.5669642857142857 0.33304099978074986 0.018415178571428603 0.02894102170576629
24 0.4642857142857143 0.36242052181539136 0.01199776785714285 0.018855514141635554
22 0.5670340401785714 0.26726595044946283 0.010463169642857095 0.03157202367901779
22 0.5886579241071428 0.1748520061390046 0.0199497767857143 0.012058759044069306
17 0.6527622767857143 0.43882920412190307 0.021205357142857206 0.009866257399693046
6 0.6653878348214286 0.4857487393115545 0.012137276785714302 0.017759263319447494
25 0.2090541294642857 0.20664327998246 0.017438616071428575 0.027844770883578174
21 0.22049386160714285 0.1748520061390046 0.007393973214285726 0.017759263319447466
29 0.28857421875 0.20686253014689762 0.015485491071428603 0.02433676825257619
11 0.11181640625 0.2999342249506687 0.013253348214285726 0.013593510195132608
8 0.15394810267857145 0.17353650515237884 0.013532366071428575 0.016005262003946502
2 0.11265345982142858 0.42501644376233283 0.013532366071428575 0.013812760359570242
17 0.1630859375 0.6876781407586056 0.02120535714285715 0.009866257399693046
10 0.4080636160714286 0.458671344003508 0.008649553571428548 0.021486516114887055
14 0.40785435267857145 0.40287217715413287 0.0087890625 0.013812760359570242
28 0.4283621651785714 0.36242052181539136 0.01827566964285715 0.02850252137689102
12 0.4725864955357143 0.42490681868011404 0.01297433035714285 0.01315500986625745
21 0.4078543526785714 0.5662135496601622 0.017717633928571452 0.009866257399693046
23 0.41775948660714285 0.612365709274282 0.009626116071428603 0.01710151282613459
19 0.44712611607142855 0.644376233282175 0.009765625 0.016224512168384164
14 0.4874441964285714 0.7097127822845868 0.008649553571428548 0.013593510195132663
3 0.4276646205357143 0.8000438500328875 0.011300223214285698 0.013155009866257505
27 0.5076729910714286 0.6749616312212234 0.01785714285714285 0.028283271212453442
22 0.6067243303571429 0.5795878096908573 0.0078125 0.0313527735145801
19 0.6066545758928572 0.46119272089454066 0.010184151785714302 0.017759263319447494
31 0.4476841517857143 0.7035737776803332 0.0181361607142857 0.02850252137689102
10 0.4315011160714286 0.6748520061390046 0.01199776785714285 0.013593510195132663
6 0.3949497767857143 0.6766060074545056 0.010881696428571452 0.016224512168384164
5 0.4476841517857143 0.7639771979828985 0.008370535714285698 0.025213768910326673
26 0.4476841517857143 0.8328217496163122 0.0181361607142857 0.02872177154132871
30 0.4258510044642857 0.8624205218153913 0.017717633928571452 0.0260907695680771
31 0.4476841517857143 0.5790396842797632 0.0181361607142857 0.028502521376891132
29 0.4476143973214286 0.45505371629028724 0.01632254464285715 0.02565226923920194
2 0.6464146205357143 0.7778995834246876 0.008510044642857206 0.019294014470510934
8 0.6473911830357142 0.6999561499671125 0.010184151785714302 0.021267265950449477
19 0.6263253348214286 0.675180881385661 0.011300223214285698 0.016005262003946474
26 0.5865652901785714 0.7999342249506687 0.0179966517857143 0.028283271212453442
15 0.4974190848214286 0.7998245998684499 0.008789062500000056 0.013593510195132663
25 0.1294642857142857 0.7073010304757729 0.018973214285714274 0.029818022363516716
10 0.12925502232142858 0.7651830738873054 0.00851004464285715 0.02280201710151286
10 0.12939453125 0.45198421398816047 0.0087890625 0.02433676825257619
26 0.6863141741071428 0.2708835781626836 0.017438616071428492 0.027844770883578174
21 0.6266043526785714 0.2999342249506687 0.008231026785714302 0.020609515457136574
23 0.5453404017857143 0.2998245998684499 0.008649553571428603 0.016443762332821743
0 0.6861746651785714 0.3375356281517211 0.008510044642857095 0.021705766279324745
2 0.6861746651785714 0.3935540451655339 0.008510044642857095 0.021486516114887055
3 0.703125 0.9246875685156764 0.01422991071428581 0.013374260030695084
27 0.66552734375 0.9249068186801139 0.017717633928571397 0.027844770883578174
6 0.72509765625 0.6468976101732076 0.0107421875 0.018636263977198086
16 0.7039620535714286 0.6186143389607542 0.006696428571428603 0.02609076956807721
9 0.7244001116071428 0.581451436088577 0.011858258928571508 0.022363516772637593
29 0.6465541294642857 0.6425126068844551 0.015485491071428603 0.024336768252576246
12 0.6466936383928571 0.5204998903749178 0.0087890625 0.024117518088138667
28 0.16922433035714285 0.2716509537382153 0.018136160714285726 0.02850252137689102
14 0.31905691964285715 0.1748520061390046 0.008649553571428603 0.01381276035957027
26 0.3462611607142857 0.6124753343565008 0.0181361607142857 0.02872177154132871
5 0.3047572544642857 0.6125849594387196 0.01297433035714285 0.013593510195132663
18 0.27734375 0.665314623985968 0.006417410714285698 0.033545275158956334
5 0.24867466517857142 0.6399912299934225 0.00851004464285715 0.019294014470510934
12 0.31103515625 0.6754001315500986 0.011021205357142905 0.013812760359570242
12 0.3452845982142857 0.6745231308923482 0.013113839285714302 0.013374260030694973
21 0.5669642857142857 0.4564788423591317 0.013671875 0.01008550756413068
19 0.5891462053571428 0.48783161587371193 0.011439732142857095 0.014909011181758414
23 0.6178152901785714 0.48750274062705545 0.010463169642857095 0.012058759044069278
16 0.5438058035714286 0.6186143389607542 0.006417410714285698 0.02609076956807721
4 0.5272739955357143 0.5770664327998246 0.008510044642857206 0.018417013812760397
17 0.4736328125 0.5597456698092524 0.006417410714285698 0.033326024994518755
19 0.3680943080357143 0.2736242052181539 0.0087890625 0.01754001315500986
18 0.3743024553571429 0.33720675290506463 0.02120535714285715 0.01008550756413068
5 0.3873465401785714 0.4247971935978952 0.011300223214285754 0.013812760359570242
7 0.5422712053571428 0.4872834904626179 0.011160714285714302 0.013374260030695029
14 0.18763950892857142 0.48717386538039903 0.009207589285714302 0.013593510195132663
9 0.2105189732142857 0.5792589344442008 0.011997767857142877 0.02631001973251479
13 0.2134486607142857 0.7638675729006796 0.017857142857142877 0.026748520061390058
28 0.14920479910714285 0.7999342249506687 0.017717633928571425 0.027844770883578174
6 0.3271484375 0.832931374698531 0.010881696428571397 0.018417013812760286
20 0.24874441964285715 0.3936636702477527 0.008649553571428603 0.007235255426441545
